11111111010000010000000100010011
00000000000100010010010000100011
00000000100000010010001000100011
00000000000000000000010100010011
00000010000001100000011001100011
00000000000101010000010100010011
00000010101001100000001001100011
11111111111101100000011000010011
00000000110000010010000000100011
11111101110111111111000011101111
00000000000000010010011000000011
11111111111101100000011000010011
00000000000001010000010000110011
11111100110111111111000011101111
00000000100001010000010100110011
00000000010000010010010000000011
00000000100000010010000010000011
00000000110000010000000100010011
00000000000000001000000001100111
